29488
29288
29389
29490
29489
29388
29387
28980
29287
29286
28682
28983
29283
29384
29485
28985
28984
28680
28681
29591
29086
29187
28989
29589
29590
28781
28882
29190
28988
29089
29291
28579
28478
39489
28782
28783
28884
28883
29292
29392
29493
29085
29186
29084
29185
29393
29494
29585
29586
28677
29081
29182
28581
28580
28982
28981
39184
28480
28479
39181
29088
29087
28987
28986
29082
29083
29188
29189
29183
29184
29285
29284
28778
28879
29385
29386
29487
29486
29289
29290
29390
29391
29492
29491
39185
39590
39691
39186
28683
29282
28684
39588
39589
39690
39689
28685
28686
28881
28880
28678
28679
28780
28779
29090
29191
39488
39487
39190
29080
29181
38881
39792
39493
39282
38982
39083
28689
28786
28887
28990
39383
39484
29692
39585
39686
39183
39182
28787
28888
28992
28991
29690
29691
29587
29588
29689
28979
39790
39791
38679
38780
29592
29593
29693
29995
29793
29894
29694
28687
28688
29093
29194
29994
29993
29791
29792
29893
29892
29594
29595
39594
39695
39492
28784
28785
28886
28885
49690
38680
38681
38782
38781
29091
29092
29193
29192
39285
39386
39391
49385
28975
29695
29696
39286
39287
39388
39387
29383
29484
39283
39284
49789
49890
39085
39084
49790
49891
39384
39385
39486
39485
49993
49991
49992
49694
49382
38882
38883
38984
38983
49391
39291
39392
28177
28481
28582
28476
28477
28578
28577
39189
39290
39893
28976
29076
29077
29178
29177
49082
28475
28576
29078
29079
38887
28473
28474
28575
28574
49183
49284
28788
28889
29179
29180
39491
39490
28380
39483
39390
39389
49791
49892
38988
39089
49384
49383
39593
39694
49386
49387
49083
28676
39786
39891
39892
38880
38878
38879
38981
39082
49689
49688
38979
38980
39081
39080
28789
28790
28891
28890
28278
28379
28175
28176
28276
28277
28378
28377
28978
28977
39180
28777
28878
28877
28876
28875
49084
28675
28776
49184
49185
49286
49285
28673
28674
28775
28774
39586
39587
39688
39687
29794
29195
29797
60194
29795
29796
59992
60093
60193
60192
29281
50094
39591
39592
39693
39692
39796
39187
39188
39289
39288
29280
29381
29382
29481
29278
29279
29380
29482
29483
28993
29094
49483
49584
49685
49693
29497
29295
29396
39584
39685
49692
49691
49484
49485
29293
29294
49792
49893
49492
49593
39176
59895
39281
39382
39294
39395
49585
49586
49687
49686
29394
29395
29496
29495
49785
49886
182401
39292
39293
39394
39393
39191
38888
28482
28583
38889
38890
39193
39192
38682
38783
49088
182300
49189
49290
38886
59583
38884
38885
39994
38989
39090
49795
49896
38990
38991
39092
39091
49793
49794
49895
49894
38987
39088
38985
38986
39087
39086
59283
59586
59384
59485
39787
29688
69686
59585
59584
49486
49587
59687
59788
59889
48880
48981
49487
49488
49589
49588
48881
48882
48983
48982
49390
39277
39378
29888
29686
29687
29787
49283
49081
49182
49079
49080
49180
49181
49282
49281
40095
40196
39897
39795
40195
39793
39794
39788
39789
39896
39993
40094
39992
49786
49887
49787
49788
49889
49888
59891
59890
182400
59592
59990
59991
60092
60091
59888
